3781
7134
6419
8148
4491
8824
9194
1530
1191
4914
3067
8749
6667
1715
5647
7389
871
204
3258
5327
3582
6156
9622
1543
9483
4634
7561
8211
1822
7291
2455
1076
3742
1819
3769
2743
4809
2421
8808
3643
215
5253
9805
7764
5006
4178
1085
5404
7094
3381
8757
3519
9987
7625
7638
239
5774
1965
5447
3948
6611
3648
3428
7036
4171
2585
4720
8184
7281
4785
3301
5170
8880
3402
99
691
2299
8612
4014
4242
5087
5371
1691
984
4234
9229
3512
7357
4341
8779
5236
6511
8660
2433
3581
2940
921
3772
437
9754
6656
9849
5599
2413
8248
3324
5581
9656
6686
4353
8292
5214
1804
3382
6914
480
8534
56
8806
6450
8692
7479
2225
5120
325
8149
6417
1734
3616
4320
8480
3279
9878
4825
4359
1104
1981
2402
1299
5069
6355
9844
7053
4593
1937
590
7659
1616
8906
4515
6753
174
7913
7604
1504
2653
817
8807
937
4461
4034
7759
3109
9632
497
5790
9227
9498
4685
9982
7877
9741
9318
8283
8680
9935
9951
3880
4691
10
5763
1009
8358
7513
3111
9250
87
1067
3937
7322
3556
7434
9356
159
9009
7519
1809
2038
3271
2105
1470
9989
5440
951
9052
5175
9536
6080
6411
231
1519
5073
8729
791
4882
6892
957
5719
2247
4818
5333
6894
5861
2466
5028
6994
2982
7093
8409
1390
2460
6359
3035
373
4764
5067
9780
6295
4851
3464
2850
610
8491
2093
8381
3712
3080
9225
4995
2884
9839
4268
852
6394
8458
1391
838
5330
3371
5566
5727
1422
7668
259
2736
6578
5413
3222
3511
7570
4260
8992
761
8657
5163
7481
7556
4167
9260
5750
4747
1400
8439
5248
1919
9243
7980
6259
2611
8763
3421
8452
780
2295
7239
3124
4758
3344
7552
1333
8005
2375
3059
6171
6198
7224
1670
9280
6840
1070
5626
9310
6455
4358
97
8894
4413
5243
4489
6764
93
693
821
9398
7352
6021
7046
7874
3373
7526
7994
5083
1256
9665
447
3328
9231
2767
4826
2713
7857
2900
3041
9339
4345
8168
1420
708
3204
3863
186
3011
294
3138
8542
7139
3466
9484
6903
4626
9375
4031
4106
5082
2549
6707
6797
168
4433
9873
8816
7178
7864
4105
2147
3927
2606
6202
5561
3037
8252
3409
3254
9067
7534
5050
3453
4371
5268
7865
4917
9025
9589
2801
713
6399
1019
342
5923
508
4484
876
3830
4087
3531
2659
1407
3943
5865
3901
9833
7929
1304
1596
9997
6322
8441
3563
8456
7005
8286
8374
1698
2448
4496
8421
4822
116
2451
330
5547
1154
2058
3859
6999
7432
6792
8119
5019
1805
6689
6860
1930
8064
5408
6712
5820
4775
9221
4002
3166
1785
7228
671
3379
736
6677
932
5688
993
2669
2647
8681
6637
8771
961
4900
1655
4621
1548
2165
1859
21
6429
7732
884
8313
6844
2561
8011
6353
7445
3370
7433
164
6877
9785
4151
6010
3807
8417
9366
1335
4247
7555
2842
5233
8887
9885
9975
2522
8036
7460
6861
7940
129
9933
2232
2316
9040
5917
1829
3847
6220
1969
5781
3506
9302
2214
8094
4015
9301
7586
4161
9354
4696
5146
7098
8321
9886
3391
9039
5642
5367
6906
2252
7317
4800
9766
2292
1627
9876
7439
8643
9802
5718
2678
2183
3803
9736
404
8255
5628
8869
1499
636
8003
4196
4854
7744
6410
5307
6314
2752
8555
681
2552
4846
7131
7137
5344
8938
9379
8733
4717
6895
1625
697
9137
9094
1962
1410
1520
8047
4113
9440
6535
6703
5886
2330
9686
7737
3708
9452
8349
3875
7817
495
646
4707
26
4274
7633
7782
5524
5824
148
2572
8115
4575
210
5241
8921
6554
3347
3116
6165
1313
7969
5744
7410
2705
8587
7289
745
5341
9080
7591
9314
3930
3701
7902
3213
2591
1371
8077
6441
9811
5666
8993
5145
7880
147
2054
1527
4873
3087
1497
9828
5926
3921
4551
7987
1979
3638
9240
2381
4355
6479
5392
3891
5346
934
1115
8010
4068
9795
8389
4086
5315
6006
2755
5503
3835
3634
1137
5358
6527
7944
465
3288
5681
3628
1565
5102
3744
7338
2394
9739
6846
9165
3197
5126
4555
1286
5953
4576
4134
3337
831
3536
6028
6984
5864
9943
6247
9413
6811
9247
3276
9436
2261
8046
7327
5630
5043
6614
8963
5191
880
1219
3720
17
2638
471
948
982
1547
8871
4897
4498
1161
3218
1432
8907
3632
5252
1506
8701
7004
9368
3492
5457
6439
3815
3015
567
3662
6842
6922
3354
3459
2877
5535
6718
4751
4133
115
9334
6008
7702
1857
4389
5749
5694
8875
9861
2148
4523
6955
3885
2791
5943
7774
3596
1848
6722
9258
8474
9075
779
3050
7752
6235
4211
3140
3683
820
9633
1642
3965
8578
7635
9666
4714
3280
6370
7952
1894
8325
4390
1831
182
3706
870
2129
5838
6485
4405
1353
6437
9389
2215
8802
2966
9717
1317
1231
8398
8576
6954
8966
760
8682
6160
5444
62
6960
8799
1445
2541
738
7071
7719
8525
8968
3188
2991
9312
4761
4853
5558
4067
3551
8265
6170
4666
3335
4301
8550
8375
125
9926
430
8015
6549
607
825
7161
5372
8453
109
5499
5764
9541
8450
8006
3248
9572
3640
3027
1959
9418
5128
4500
9013
2257
6651
6018
8664
9787
744
3821
5617
3293
1711
2745
8502
8673
9857
7542
206
2563
3789
6587
765
7504
5692
5076
6688
5337
2418
8695
2545
1923
7214
5655
3393
9724
8523
7649
9594
955
9663
9234
580
683
6186
9331
1404
6303
8528
9879
7091
6592
6086
1823
131
8079
4367
6225
6306
5303
4466
3558
5846
2938
2072
4979
7763
4033
8745
9901
4435
4137
6230
8739
5360
3394
5853
5100
3990
1693
6672
6070
360
899
7553
16
6440
6060
2636
1833
6714
5928
5171
7833
1901
1821
5597
4694
2174
4041
4191
7947
5984
548
7568
2080
9409
8860
7825
1262
5437
1714
4319
6312
9801
6962
3806
8986
4350
3639
2995
7478
6716
2239
2578
4563
4095
5186
3225
3306
8035
5111
7873
6996
8470
1311
8820
7089
5086
9420
2894
1202
5505
7965
8012
886
2443
4302
6385
1993
3774
2019
504
482
4828
1603
8137
7304
7813
261
9540
6283
8787
9530
3404
4985
2952
5993
7587
1651
1984
4138
7648
2478
2942
9470
7823
609
7055
5225
6052
3678
1053
7707
2366
9042
8457
5656
1345
3251
8083
5850
3767
8001
4913
9882
4193
1449
3933
7773
8989
9304
8050
558
1124
9306
4256
3626
1489
2881
4833
7720
6622
7076
2092
8589
9690
9868
6457
6138
2353
9385
1890
2328
4392
7993
6598
2753
2895
4141
6368
924
2041
5149
9432
7932
9126
2584
1150
3739
5523
3396
271
449
1658
9279
8613
7997
7209
6335
8418
2
223
8626
8414
7847
8773
5588
4819
5088
2103
6514
2321
4606
684
9262
483
8215
1841
8074
5334
1370
3096
1253
6481
1036
6631
6813
3483
698
4328
1723
6732
8507
4724
2206
4078
5654
8551
90
7843
7685
6639
3578
1209
3477
4790
6613
5618
1242
5845
248
363
6731
8694
423
9068
8455
1037
9880
9650
1544
7387
7060
4868
7374
2119
2923
8574
9355
6256
8267
4066
9004
7115
3018
7186
9758
598
428
8116
337
6438
4326
1811
5624
8893
3528
5784
3444
8311
2960
464
3075
8159
7308
996
1276
5514
7600
3761
850
2996
4692
1418
2356
8800
864
7788
5220
3979
496
8066
4093
8048
2622
8615
4337
2512
1344
8511
5587
7723
4557
8249
4382
1999
2429
893
1066
5927
7632
3024
2922
5905
5187
3122
5274
3523
1347
2444
3255
394
5805
3345
8936
8852
2219
218
5550
100
2679
104
8042
873
499
4494
556
5963
3206
4114
2817
6551
9747
7398
2447
4277
844
1505
2162
2790
5286
5052
6388
5144
7002
9032
9799
8093
4585
1280
5802
1502
6420
4080
358
6573
8908
6249
6674
234
6497
3246
372
6563
5292
4286
1483
2715
6430
1742
867
1709
3029
552
6136
2111
2056
1271
5269
4456
1087
4781
1408
4465
6323
2880
1213
9682
2756
224
5090
6749
5258
2667
8427
6470
8951
936
1621
554
2777
5575
7896
8288
6273
5801
9466
3013
2965
2956
5272
9655
5569
3559
2873
2837
7222
5270
1515
6268
2726
5918
441
5904
6094
4932
2178
4756
9210
8854
35
1912
2869
3151
2352
9115
8597
4731
7138
5620
2344
5871
5804
6774
1273
2296
2037
2689
6073
8929
2658
4112
3014
5283
581
5996
8522
600
3637
2053
3812
5238
1615
4919
4021
6257
4434
7860
5181
4727
9249
8641
632
5867
1539
4364
3186
4305
8440
1815
214
2625
7395
1529
670
9601
1092
9860
6260
3573
3843
9529
2976
3003
2167
3984
6584
7470
2067
8602
2500
8586
9010
4432
5109
8484
8367
4008
1708
4936
1581
1873
2986
3593
2562
777
6408
2441
2213
5534
2949
6208
1818
7052
9788
5565
4394
2911
6507
685
225
6719
9121
6586
7088
7653
9254
6998
51
9204
9583
9170
7766
6685
3310
2941
5442
5623
4655
1784
6804
7455
2417
208
8919
5009
4788
7163
8057
5519
5406
6458
3408
7735
4207
9537
9396
2368
4883
6302
8386
1419
415
4899
2187
8153
4879
8203
5901
413
6319
5690
6898
2739
1744
7425
4481
8683
2079
8784
3353
4348
6947
2340
9458
6183
8204
3503
9189
6348
1533
8527
5822
6166
2857
1508
6393
5785
136
5262
8140
4895
3297
8290
9570
6047
1834
9998
9162
623
1157
7673
4474
6209
4657
8178
9291
573
6041
3622
5267
2740
4684
2994
4304
391
1334
2485
3135
9819
5291
1985
2762
4530
3970
4928
8234
3025
8073
6354
9362
9476
585
1869
3401
3026
9118
8945
3615
7273
601
1388
7049
3346
8873
1706
1972
175
5433
5639
4838
1618
5034
1235
4360
9285
6296
2180
7059
9848
7307
1354
5754
1105
2690
2702
2600
2642
1933
851
6310
3580
6929
6084
2269
5737
3985
7181
9161
5205
6466
9710
872
2078
8218
2558
5799
7746
9005
7280
5987
7767
8801
3790
8
9079
7124
8900
9082
8764
7863
7909
3777
3023
3147
9374
9689
2890
7562
6942
7313
7198
9941
4004
2503
2910
7495
6233
2708
1538
7129
5438
1377
4387
5888
927
9344
6216
3568
161
1080
9912
8738
3918
5151
6755
2476
8260
2101
5035
1810
5037
4096
4299
6299
9200
74
3813
2812
7512
5884
8670
7384
1308
5461
9850
6401
6706
597
1195
5416
5421
9363
3120
6692
9322
7921
7003
5412
722
9771
6650
2509
7734
8958
7058
6495
4607
7778
4444
2389
6390
4831
1574
2959
4909
8540
2594
1910
1739
9829
9351
5059
9681
2285
3264
8847
2130
8909
1081
9449
6141
7747
117
9145
1861
7928
9929
1717
344
8476
4174
7722
1576
6213
9892
3270
9977
1461
6830
1121
8776
9965
3062
5538
7895
4668
7861
2983
5559
6415
7256
3152
2386
2613
3447
7463
3118
8579
9615
1526
6272
4047
5562
542
2237
6263
8020
3149
621
3368
8624
8259
9085
9585
8212
8927
2813
6025
8646
7975
3266
6993
9256
4437
3460
3073
8775
9548
1842
1570
4479
3350
827
6062
7879
7839
9909
7872
5460
7110
843
6189
8312
6566
9159
7525
405
6958
8817
3958
1697
4217
9696
4978
8233
9598
4539
8890
4118
4135
9806
1948
8084
2175
9931
4311
648
5017
14
6347
1485
7572
9473
2698
3931
4625
8334
9586
5275
7300
8250
1141
8728
9602
5743
4163
615
5794
4546
4401
9395
4102
7483
1956
2924
6647
4010
4614
7184
8833
5345
6891
3792
1641
7502
6227
1385
6089
1879
1872
6143
8032
6364
7054
2290
5044
5952
6397
1761
2548
1095
1146
6190
3172
3420
1241
9798
6284
9456
6509
3363
3787
4963
9597
7904
2644
1619
8463
5714
4860
5767
110
4988
6826
8696
3524
7360
6187
2361
5500
23
7017
8316
7545
8877
8062
6418
3194
712
156
4966
5428
6590
9954
1754
3520
1010
500
3376
120
297
5635
6865
2544
3275
3202
3448
3242
7706
6459
4678
307
8461
7331
2593
4393
3808
6500
5966
8464
6736
9745
7092
7509
1073
467
2945
6308
5549
1905
201
2098
7927
4940
9628
3992
4848
4499
1039
3877
5691
5260
8371
5335
1989
9614
53
7510
3262
45
3032
1803
5206
947
9122
7144
4702
3162
4332
2870
9843
1772
4987
2829
5085
576
255
6019
3323
4844
52
9482
346
3723
7164
9235
1269
3982
6870
7866
2110
9431
1955
192
7143
2063
3355
6995
949
8741
4380
2885
1117
5441
7564
9265
1725
8026
7613
4342
7805
7382
9461
6241
8142
9276
5755
8379
9513
7804
7680
9609
1462
4440
5379
2912
1140
2537
9486
1008
5432
2423
1534
3894
2209
6790
6519
7897
1689
3072
1227
1393
7023
5837
5369
8571
4695
6231
1296
7959
1726
5427
2188
7196
952
2095
1633
907
3443
5074
7266
8225
5679
2355
784
491
3881
1367
5919
1265
11
7392
1025
8532
8711
4253
980
3185
3387
1158
9478
3128
8372
7919
4972
4307
1467
7727
5158
284
6266
3555
1064
528
8034
1494
9960
8769
4219
8097
1710
8369
7754
9875
6848
8879
6596
7359
9894
2440
9577
2342
9563
4428
190
4276
3329
5990
3191
8481
3633
7199
2442
1827
3114
8514
7710
7607
753
6580
9193
8498
8803
3156
1849
2434
8902
3704
4012
7014
7140
5490
2106
9171
6728
3252
7024
7187
3175
6868
9561
2579
4372
4505
3176
2816
7247
9659
2909
6049
1272
3818
2539
4531
397
4259
7136
81
1292
8329
8193
8941
8081
5586
2576
6779
9555
8412
6887
2671
4438
1389
5661
8173
7133
7080
2370
2419
2198
5981
6853
9047
6687
1454
6452
9674
1013
1713
710
4713
8479
2338
848
1490
8007
4071
559
59
9767
9959
1203
112
6217
1878
775
7875
9296
8243
6821
6496
695
7794
9919
4097
3876
5985
9335
4802
9163
5449
9980
9038
7441
1690
6356
4512
6961
7344
3336
1741
1528
7084
6588
2026
7717
9797
7573
2833
5874
3158
5468
2987
3756
1840
531
176
6207
795
4545
6817
6949
7063
2242
4806
4436
3088
5040
3092
7332
379
6011
7642
1518
8038
7885
322
3545
7371
9923
6525
8655
2310
8489
2415
3501
7123
7887
2848
2680
8786
3058
4582
733
7515
8987
989
8069
3504
2930
1586
2550
1583
8171
479
4888
105
3718
669
9661
5295
611
742
2051
365
9557
4396
4431
3099
9072
7435
9645
8979
2792
3842
9760
7824
2233
4313
1260
6382
1360
6332
9687
8952
3348
2477
9215
1184
2436
533
845
7698
6065
4331
6746
3367
1560
1194
4237
3259
2666
9688
3631
138
2408
4246
7951
3644
3022
3851
6380
6930
8915
3378
6675
9694
619
3000
8236
5401
9404
8665
9567
3942
6839
2081
9533
8370
3278
2087
2379
9497
455
8432
3713
1274
8748
9562
8494
1845
4993
7041
8688
8112
4240
6150
2365
1825
145
4649
5752
1921
9653
1680
410
319
5419
8192
9267
1498
7380
2398
3203
4501
5131
9703
2732
8580
1812
5396
6816
1381
2533
9908
1899
6957
9792
4283
950
1086
6920
532
9223
2927
3996
1093
9192
4077
2932
2068
4680
2560
6938
8289
3377
1958
920
9333
9723
7888
7762
3165
5278
3989
3920
2893
4212
7977
2907
6339
2827
4573
3763
1684
8129
7842
2243
2519
6562
8995
286
1728
4590
1514
4005
3674
626
3427
9993
8230
2122
2875
9088
6107
8388
9962
6239
7536
5281
3936
5420
5068
476
7294
7149
5761
9061
8625
6153
267
3237
6912
9065
4564
3263
3987
4455
6921
2896
4950
314
7451
7208
9131
2609
5365
5564
7217
2506
3105
8429
6277
9523
908
6331
5194
3600
1944
8152
1836
6286
1617
616
5866
4324
8737
4419
7841
8201
5946
5552
649
7440
2513
905
8232
7012
9467
2437
4654
1650
2420
283
3951
1914
5463
6788
1283
7679
4409
1120
2462
8752
572
8434
1475
6521
478
4205
7219
1587
134
8761
387
5207
1643
862
323
1939
8098
8898
2084
4638
6195
674
4852
9545
4414
269
270
2931
6079
6351
3360
8335
8213
4976
3727
2100
4677
5960
8999
5907
2804
5936
436
7343
1668
3754
1166
4816
7981
667
9976
6416
357
6572
6510
8791
3028
8281
8611
8916
4836
6724
1129
6100
1409
4679
5223
3017
5168
8363
2249
9359
8967
763
574
7416
6609
61
86
9077
8282
5018
1787
4829
5138
9706
7267
6640
6743
8918
3061
1196
3714
8187
9233
9041
9525
8143
3352
6173
8099
5458
8883
9676
6623
6164
4945
8063
2060
866
6820
1172
4149
1595
9016
7467
7663
8774
5708
5351
9501
3144
1657
5361
4119
8402
7314
8135
6071
5640
1802
6476
3831
9294
1705
9474
7777
2282
80
3146
9817
9134
5405
6475
4903
5746
3295
1521
2529
1735
2395
3084
602
8568
3840
8336
9671
639
8558
719
1540
8404
5734
7730
4540
3612
356
6467
3244
3869
618
1476
4921
5031
7797
2888
3384
9324
1326
6766
84
2538
9360
9769
6635
3484
2872
3686
5098
9293
9345
4859
3333
8237
5470
4521
3467
2327
1119
6699
2457
3755
8744
8539
3516
6552
101
2590
6237
8067
1369
2542
6520
2786
3064
4334
4943
4400
816
517
5898
9274
1789
2137
7982
3816
4190
288
1920
135
7592
1732
8071
9208
8356
696
2624
4693
5527
8553
5881
6016
28
32
5494
2856
6219
1745
4065
3834
9447
3256
6879
8380
8656
983
3047
4616
1620
7238
622
1316
644
660
6601
8674
2205
2926
8072
1947
1606
6066
8145
8996
1284
9241
1976
7628
7167
2145
1212
1896
1855
5311
7471
2309
1935
9705
5914
6057
8751
8508
4129
83
7547
8647
6244
2693
9226
9872
6618
4787
4770
3557
7689
6619
4920
2159
2329
6799
6560
2480
5536
9003
7907
4092
7780
3108
807
8846
6705
4214
1992
4604
7366
7072
1428
9167
390
1058
7035
3455
3435
9150
3286
4309
5152
3594
4624
4706
519
7404
6384
4053
9695
4032
6106
4485
8040
3273
280
926
7646
5497
4924
3603
8295
1491
8866
5698
2378
3132
6134
8956
4251
6396
3069
3890
7154
9403
2831
6329
1152
1990
2980
260
3065
3666
4938
7342
513
7656
9727
5167
771
6717
8167
3089
2913
8821
3045
3899
7159
4194
6298
9303
1846
6883
9821
6615
1167
9493
9288
2265
3542
3896
144
637
5897
9575
8256
4050
6449
5183
5331
9915
4894
6163
5321
2528
3969
5983
2826
9408
651
4006
4127
8563
7850
9900
5648
2314
6856
1694
1807
4123
475
5686
3953
890
2928
718
2326
3693
5469
9021
2036
4213
2950
1699
1764
5974
7383
3390
728
1439
2499
592
2223
3433
8387
76
515
8832
7496
7083
6271
8257
8340
4291
7118
1017
3161
2331
3897
9864
1084
9990
2867
7364
9719
6785
5668
7672
9384
1047
5682
9685
5841
8422
3479
6130
640
7696
382
3883
6056
4233
3986
7259
9634
9847
4329
3672
3040
2203
5306
4704
6473
549
2227
9020
2016
9097
7704
523
7295
4090
9320
6309
676
1200
7523
1835
5568
2127
5208
5106
9917
3112
1396
1281
49
4351
4579
7949
3304
1016
5092
7796
9836
7431
7784
7757
3102
5143
6742
3469
6555
8759
5806
8640
414
5070
3823
4235
1148
3746
6574
1056
9365
5232
5674
5775
321
7627
720
985
8170
3671
5738
3908
3757
8275
7749
2003
7414
8231
4906
4591
9945
2064
9297
2454
3780
868
7227
4643
8181
3538
9763
466
8166
4974
3063
3549
836
6657
4661
2824
2274
6203
4238
6132
6540
8049
588
1021
4637
7111
9290
7608
3776
8621
9500
7417
5054
6096
7257
2899
3535
6159
5889
8510
7391
5055
2322
5048
3052
6629
6798
4448
857
1425
4586
6291
2883
2902
3548
1455
2238
2746
6575
1558
9219
7272
5988
9698
2465
3574
520
9644
613
7000
153
7485
8391
4517
3214
2649
333
9765
7973
7822
2918
8410
6924
7341
362
6617
7296
3330
4084
4375
1572
6162
5279
9889
3978
4752
9921
6750
4321
9869
4281
9631
2643
6499
1331
7155
3422
8614
6114
3249
8337
3127
1729
7166
3902
172
7477
945
1403
4542
470
2096
9649
8633
4795
3903
3598
9932
9988
6180
8998
7427
5156
1285
6004
1245
7476
9336
3392
7878
4314
5596
8399
5840
3388
7967
5948
4843
6632
7492
4471
4083
837
1138
6964
9428
5540
3646
3544
5094
894
9281
9213
1471
2868
2717
4290
3860
8812
5308
4210
5116
6638
8222
960
6002
2760
6431
7687
4172
4472
8843
8957
5768
1043
9309
1559
5563
7379
5711
3210
4227
8978
8065
2359
5038
9733
3773
8798
15
6498
5896
2855
4388
2176
5619
4169
655
7285
3778
3971
3657
7682
2716
522
4263
9048
4278
4168
9512
8755
8858
177
9729
9947
1904
3565
4153
2501
4722
9612
8138
6178
3438
6276
4953
1303
9246
1640
8113
6040
5299
7970
6556
5518
925
1696
8161
8810
5890
5602
1275
1153
987
2769
4793
9636
750
4799
9112
7409
958
6873
1649
3493
2951
8092
7068
5778
3872
5320
5093
1917
8208
1018
1424
8366
7437
3988
3952
5532
6502
8332
8910
6864
4698
5510
4617
7462
9177
5766
892
5517
1702
3841
9352
9109
3115
7169
1263
7042
8088
3317
8721
5512
141
9832
8191
5530
2655
2962
9106
2128
486
7310
7010
6454
8823
194
3694
7511
1206
1415
6362
6832
1088
5998
5188
6951
3121
2782
124
647
1477
9125
9538
1862
7694
8055
5352
9506
1659
541
4719
3945
3281
931
2523
6682
8045
7376
1760
9887
2400
7173
2374
7972
7270
5502
4959
392
824
9803
9778
3292
1
1224
620
9064
7020
3689
2133
6251
6005
3981
8946
2346
128
5945
6694
810
3101
6875
3845
5135
6252
6301
7213
1433
1525
4671
4930
2722
6621
6142
7576
6744
8305
3547
4968
9699
940
986
5390
6110
5932
1324
9342
2260
1068
4265
7207
7731
8315
8031
2861
5965
7598
7286
8377
668
4081
4594
6537
2481
6068
6915
4566
42
1751
1977
9462
5357
6663
5495
5407
6215
7182
3313
454
4493
1909
9454
1763
8825
992
4623
4583
126
5825
9835
8725
5683
9123
5266
3735
2032
782
6768
8176
7284
1430
1337
9539
9494
5212
5398
4636
6109
1902
2410
7990
2718
3849
662
1943
1372
4789
6681
6
226
8628
8361
2139
5353
5325
4532
727
3473
6436
9925
1459
6987
6328
2946
6413
3228
8226
425
1579
754
9152
8165
2981
9111
8442
8905
5662
5422
7621
5448
7465
7692
7652
4534
584
2161
525
3129
2169
9
4336
300
2971
2082
1264
4510
6610
5290
4098
8264
2731
7662
7567
5591
474
4111
9321
4737
5753
2278
1588
1338
6548
8848
2719
4543
7354
8000
6038
4528
9129
2783
9390
9581
9095
6523
2805
411
3676
3441
5368
1038
5430
8703
4109
4675
7277
3924
6334
241
7848
1780
8228
675
3178
6740
630
4814
6985
4656
6577
7403
3364
8864
1205
1806
8224
8488
1251
5978
2662
8872
9438
3909
2898
9397
501
4525
1599
5637
4996
6665
8509
7832
8274
4689
7263
8959
5830
3886
191
2021
9172
4023
8150
6571
7367
877
7791
3098
5104
1830
6223
3587
7278
3137
8556
2268
1870
3907
5172
9424
7264
7574
3046
9444
7522
4503
6855
4630
5789
1532
8443
1614
9277
8942
9364
7960
1610
4786
4446
6340
5969
587
5912
1399
9896
4544
8324
1750
489
6026
7292
770
9236
1411
5250
2819
1118
1946
1029
3677
9218
9412
1541
8133
9313
9564
5417
9464
5956
2685
641
5285
2182
9907
8310
638
6373
7815
1312
9638
9188
345
4439
8505
3576
6201
8482
4482
5954
6679
9001
9400
8997
3456
5456
7712
3418
3705
6264
3145
6933
4412
3005
6175
461
3090
6710
1343
6228
8949
384
8516
5800
1373
4000
7883
7658
7743
2153
46
9804
6936
3362
5776
8331
755
543
3334
8672
2692
3966
9492
1808
8668
2113
5787
6030
9255
8849
9946
142
9278
2781
374
7622
3366
3342
9178
6653
7429
47
5818
4570
6932
8246
3721
5189
4073
5951
1975
1144
583
8297
9737
6815
5213
7868
8114
6739
3507
8406
1112
9524
274
4958
9425
427
6625
2483
29
803
9261
1453
6727
5955
3126
6363
9662
6583
1736
4357
2674
650
4757
8698
2795
1125
1330
2411
149
564
830
4998
3309
2608
1580
5180
1170
9044
8053
9119
2163
1843
6791
2569
6023
5482
2599
8221
7595
4810
5498
7279
7480
5066
6781
9726
9434
6274
4983
5310
6780
9465
1612
7095
9083
2779
7176
1045
8242
8365
9176
9266
9750
4057
418
8360
643
5712
2446
1243
4462
4122
7546
5577
9269
8627
5478
535
4794
7851
4402
6333
6101
1747
4054
2305
4672
8004
7250
769
4588
3357
5908
279
502
9230
4628
6386
4847
9522
5590
6456
2993
7938
5857
3940
1356
396
9599
2028
2843
6889
9789
5972
929
3141
7645
4898
4267
6869
5350
4632
9728
8925
889
5423
1426
5228
1531
9970
3491
2683
4318
544
8629
5309
2090
7795
4048
6654
4457
2141
6696
4653
7370
5013
7899
8090
5025
9033
5029
7998
5545
5476
6801
6453
1300
1671
9008
73
8096
8572
3796
5543
9794
6013
7578
8661
1394
6409
446
3399
6539
1665
4258
7599
4046
4231
5060
7211
4535
1363
2468
3753
2304
157
724
6465
2834
5870
8108
4729
7323
4104
8194
3481
6108
367
9854
7385
8327
3395
7986
1089
6697
8713
5810
1634
5096
7675
5155
5592
7686
6315
6784
3747
4192
5613
6802
263
3230
5234
6177
9347
2631
6468
2007
2348
409
8239
4777
5636
3426
1097
7995
8557
6782
2320
8298
6318
2014
4185
1423
7647
8600
9670
9791
6490
3647
3475
3196
7643
3365
3104
9890
7665
3107
7518
8793
7473
7802
5903
5140
4667
5339
3974
8350
2236
3719
6709
7288
4827
4549
7399
8790
7150
2302
7190
1204
5516
4147
3829
7768
8101
7021
6897
6926
151
7641
8605
1743
703
642
4335
9206
9406
9730
4986
1082
6034
36
9380
1994
4780
3590
2557
8546
2640
6218
2337
4969
50
4927
5770
8606
9479
3086
9124
9326
2566
8085
3844
1207
9637
956
8731
1282
3036
108
8492
5354
2317
6833
4458
5819
6196
6896
85
6979
6321
617
734
5203
3814
183
1564
7701
2934
8322
7901
5008
2086
2747
9502
8518
4085
8974
4990
2076
6822
8891
8567
4373
8933
4215
6645
7378
953
1215
2711
5132
7809
2748
3848
6240
5689
4179
57
6884
7318
4007
2967
2709
9568
5095
1507
8227
5902
296
9472
1107
3878
6931
12
39
5793
6137
9940
3546
4245
3955
808
4287
8573
2646
6777
6741
7218
2866
222
715
7469
3652
3726
9991
1592
1512
6809
9273
7117
8722
1380
5929
1673
7606
3871
9549
6320
4931
3007
2604
200
3189
8180
1096
386
217
7654
4361
1688
9098
4618
9151
2623
9855
6077
8362
6243
2668
306
8630
4687
7019
3343
6760
5411
9350
565
8676
1298
9427
2045
6910
1876
3187
6168
2091
8392
7955
7422
3879
806
6081
4017
7760
438
9906
7298
1465
7533
2818
5627
7740
318
242
1168
2925
2218
8513
6982
5803
7466
6145
5942
1147
9630
3758
2120
4639
6959
1635
6444
4293
8937
6862
2281
6483
6852
3760
9899
5938
799
1792
665
3839
8438
6508
4718
5839
67
2089
1174
3480
459
9756
450
2470
5230
9062
89
3515
5251
747
2573
2836
7939
4363
5000
7846
5594
3499
8157
1557
4910
5113
904
2157
281
547
3946
2010
4139
2109
3458
8834
8344
2990
5047
5612
5384
4325
8912
7397
1509
7031
1339
8594
6445
2055
7109
3651
6973
1379
3618
1246
614
5293
3852
7305
9587
6245
6484
2617
8797
8437
275
5459
1624
6648
3358
4864
6435
1405
6872
9610
304
3154
6673
1858
5765
887
7867
9270
8559
7845
5166
8415
3093
5976
2143
5574
8058
8592
2828
5525
6270
3960
5317
8746
6886
705
9755
5706
1323
1267
9496
4483
6691
1949
8262
9143
3595
2618
3454
6835
5027
2288
9002
232
4415
4427
4423
4815
3430
6374
2699
1027
5385
772
8270
69
2919
262
4284
3157
7372
551
8162
4189
5483
6336
6807
4942
3642
706
3950
6063
6819
439
5913
7910
9423
3012
9640
2011
1307
4037
3999
571
847
7916
1065
2921
5217
8268
5026
316
8030
6795
2267
8209
2173
9903
9495
4527
1135
3853
6414
5553
7713
7631
9963
4019
774
5684
7838
8199
537
4941
5057
8693
1816
4295
9287
3494
6098
2301
4297
4935
9813
7821
6745
8591
6504
1480
9851
1361
3601
6327
250
7418
3537
2651
2251
2404
1820
9592
2906
2486
4869
119
1900
2797
1756
2431
6361
608
2871
4565
8965
2473
1722
4
6001
8401
1762
4688
8147
2765
1522
9515
2018
7834
7400
9323
7363
6377
4741
8473
7369
9469
7870
8131
3624
757
1501
4366
5546
3048
7761
7452
9426
6918
7490
1071
9793
3608
888
7430
704
628
3300
1628
5318
8269
635
9734
5051
9199
2070
3410
7428
2350
9299
9103
5466
5142
1162
7853
3660
8013
4273
5216
9937
7180
3906
8299
7501
6726
3380
4236
3482
1160
7121
2943
839
5247
5879
4821
6828
8105
4075
1637
9035
8304
5231
1863
701
4947
9468
457
9182
2660
2196
8217
9198
6863
377
8535
4937
292
9930
9953
7770
2724
8543
6088
2283
6486
6893
1687
4811
2820
2973
2530
9168
9415
1941
7721
5848
566
4216
3867
1568
4100
7018
3406
5735
4967
1446
8223
2357
4866
4152
4778
999
973
8702
4711
169
2961
8014
787
9527
2515
527
8024
221
8394
7818
6290
2166
1123
2761
4038
31
1340
5300
3925
5219
766
5786
942
5906
8736
901
4902
9546
6300
8347
5833
4052
2308
4855
5814
5944
3117
8318
2248
2158
1898
8679
6278
6297
4310
5920
4571
220
7099
3261
9702
9569
1266
5289
6948
663
4807
9808
2031
939
7216
1738
2151
536
1986
3326
9102
5301
4880
8795
4397
6042
8649
7700
2073
3518
7107
5643
139
2750
3113
4955
8569
4659
1114
8822
7044
6378
2154
5487
3209
1288
3998
9181
9840
582
1865
2535
5504
40
5603
9543
4863
4644
3857
2947
1278
4198
5316
8082
3414
140
303
7494
9491
4243
7930
1046
4663
9521
5378
3934
1686
801
5731
2149
7413
3905
5649
9913
1225
2062
5136
6902
7381
3804
8206
2920
7667
8125
1031
3561
7090
2525
2088
7566
6185
6849
9816
3164
5117
8272
6730
2482
1826
1661
7506
7812
788
4115
7175
5049
5862
8405
9305
6642
9986
7127
4577
4039
7484
7775
1874
1575
2567
2124
5696
2131
1192
5080
2049
5883
395
1133
2876
2221
1597
2263
8028
906
3044
9958
5924
2144
6447
7223
709
8777
4850
1091
6462
1945
9812
8200
6379
4024
6658
8994
4072
3497
6660
6477
2409
9762
8287
9327
130
8430
9459
6211
490
2343
657
3174
6823
5184
9248
9019
3584
6702
5042
7330
9779
6767
4303
8416
6391
6407
3904
8618
3650
8805
8931
9437
2298
5622
3234
2589
9955
4648
7787
1513
8917
3850
9883
5264
4934
7950
9196
6773
7102
3505
1555
7334
9205
1793
2540
7585
2564
3361
229
5739
5375
6129
9677
4994
8175
8110
9621
9441
1261
1953
9652
3303
127
7329
5115
9174
9011
8382
7240
6123
9104
6934
694
2974
7748
4404
970
5374
4186
1589
3793
7229
4562
4124
7931
7615
7074
3607
8485
9862
8285
1682
4740
421
2695
7454
4611
301
4989
8842
2878
5159
4736
6055
5121
5078
2229
2491
3016
6128
5880
4230
8667
6489
1631
8219
9271
8566
266
9407
82
1024
1099
2694
4652
9985
3142
2074
8059
243
3715
9751
18
1398
3923
3155
2587
1180
1035
3858
5728
6087
8552
6867
8923
2897
5359
4490
1700
2758
7869
7539
8483
688
1270
8190
2710
6616
4970
1998
9942
2164
8689
2886
4249
1435
8845
822
2325
9391
8983
633
714
4640
7837
7988
7351
1357
4117
5012
5091
7172
4896
5414
253
1318
8384
6464
9838
3233
4560
8889
4536
9421
7571
4877
235
54
8444
9748
5209
3489
7407
5730
4398
811
7261
1438
1149
252
6978
8691
417
71
1061
6003
6104
5615
1703
586
7946
2369
6668
9740
9442
9361
506
1888
8882
3340
5065
6191
4108
6585
4022
4241
923
453
3664
6967
1571
3802
9606
5033
1594
7340
3798
800
3819
2773
5148
7221
988
3356
254
8926
1041
2508
9590
6111
7540
6113
4723
7724
6624
913
1727
353
4837
2999
7321
8658
9856
2279
7453
8308
3359
7584
7276
858
9732
2392
2435
9156
7158
4223
5114
6905
2664
9450
5860
9272
4884
3315
8876
4051
5725
3658
1897
4495
6721
308
4229
743
6517
3082
3071
7405
8685
6989
1638
1375
3208
4733
3106
1421
8964
6182
9565
6460
3143
6325
7941
8645
8529
4755
3457
4411
9556
7609
7086
8136
1472
7776
1757
4028
6224
7174
6289
2574
9316
8497
7030
8276
1796
2728
5064
7113
6246
6337
6531
8460
7235
137
338
3277
9711
1545
928
4429
123
5529
3417
4144
8346
7156
2774
8117
2720
8425
9209
3159
5288
3995
7755
368
5717
1199
8814
9284
3272
1030
4841
9994
9416
5709
512
5105
1240
2363
2914
4264
5477
2009
2865
9744
6969
4162
9399
874
2602
6126
5817
9895
6700
5501
7779
3759
7346
8533
3386
2459
8844
9136
5580
3543
4690
2199
1007
3605
7550
393
6803
2043
1791
3057
9007
7814
6307
291
4872
7013
9414
9845
6827
5671
211
4391
1198
4352
5130
5651
4202
4164
3150
4478
7582
3226
1127
995
4598
2439
9190
5147
1413
898
2367
8503
1228
5702
7889
9596
8188
5123
1078
3513
369
3775
9604
3085
3423
2673
6214
3461
1660
1436
3745
2204
1974
9401
2377
9372
2222
1254
4518
5645
7683
3302
1392
6338
9108
94
440
2116
371
3690
3285
941
9772
9264
8788
8195
4497
8163
9776
8886
5249
339
1250
8715
282
6014
2874
7487
4030
6825
4830
5062
530
1383
4783
6628
7738
8244
5118
2657
4951
265
8515
5610
8982
6125
1460
7185
3941
4094
6075
4156
1517
1239
420
3500
9460
452
70
686
3490
9673
8189
8616
2629
2097
7854
4374
1220
5277
972
8300
6053
4421
9514
1500
1355
4773
9858
1669
2235
5949
3741
7009
2391
1924
5659
9619
2432
6506
4641
7728
914
3825
4061
6105
5663
1033
1416
8654
4771
9600
8547
3613
2373
9707
8634
8766
5486
6940
7411
764
5922
746
6131
7962
962
1401
4595
6172
2917
9613
9629
3914
9820
4845
4378
2489
2796
3319
3339
6980
5362
4893
5780
2156
8254
1182
4954
2250
3977
3743
8496
9289
5795
6561
7082
7356
1492
7162
7097
855
9387
7168
1938
4908
8659
2793
5039
8431
3021
9720
2785
1451
2487
4070
2808
7255
3801
2286
264
4145
9179
4762
3529
7396
3201
1524
2034
4130
5609
6775
3636
5556
2849
7729
3019
4279
3959
4487
3928
6346
9099
3100
661
2452
5215
8984
829
196
1044
7884
3171
3698
487
570
8792
711
7862
900
8373
7028
8151
8652
2450
4997
1214
4856
7347
6652
5916
7590
2467
4878
4009
7230
6265
5522
9295
3314
9307
3560
1880
2216
4079
9573
6970
6834
9684
1609
5443
6974
5844
8530
6269
3944
4681
5964
1817
918
1868
5197
4016
6161
2681
7900
5584
2291
9516
3562
1775
4063
9329
1740
1155
5641
969
6376
5572
7644
2978
6913
9056
2474
2639
4101
2707
293
2663
4613
8758
3861
7532
8732
878
4537
7106
8501
6045
8707
3051
6952
1457
8839
5240
7078
6772
6729
8241
8424
5895
6950
8809
1647
6027
1629
6317
7745
5685
8690
8985
4759
7148
3211
1852
4567
1925
6375
3183
545
3205
7551
6627
5756
578
1800
4981
6285
6602
4001
383
299
7892
4201
6559
6119
7840
3163
9237
8874
95
6158
3004
9544
3588
5771
881
4298
4180
8554
9996
3079
2641
9902
2362
4368
752
6349
9761
8595
2048
2903
1769
1903
2889
9029
1136
4502
7064
9191
4226
5934
6756
2319
4221
9110
814
6205
3199
4619
1721
5600
3081
5676
553
7142
5741
8857
6054
7206
7964
8735
3508
4728
3703
1026
3235
3898
4956
5265
9383
8970
3569
7233
835
9535
7535
4255
6565
2403
4142
1197
2687
1885
6594
2735
2240
5445
2794
2835
6148
4812
9691
1516
1051
4262
2458
6847
1495
2065
1577
2595
1759
5551
8229
9037
4257
1108
5298
3684
1050
2581
2582
9114
1054
7781
3450
7201
5199
1332
7911
4524
9164
7443
2428
4552
2046
5937
4526
5382
5991
5947
9571
1667
3534
8943
5807
6432
3198
997
9519
2138
8794
7926
2077
6890
4622
6421
826
9073
2030
8338
7069
8818
7459
456
460
5003
2879
6069
6917
8210
9394
1801
5020
5103
7412
5399
5900
7945
5537
5798
7406
213
8548
9508
6751
1059
6735
7753
9611
9139
6015
5935
8531
7328
6234
4965
3873
8395
1503
1032
8343
5999
8584
5313
5004
8037
3419
1322
5014
5472
6491
8642
891
7617
7852
4569
7126
2358
5415
3305
7691
3372
3139
6636
2823
9593
9298
1139
9784
5578
3711
3403
2416
1255
6567
5429
6154
7856
9704
341
2066
1718
473
5541
8279
5133
4088
6513
6600
24
8385
5348
8205
9891
8719
1856
8104
6770
5852
7057
916
7401
2825
8718
8868
1653
5797
6474
9566
2650
9910
98
5340
4874
5733
7820
3478
2964
1767
726
4975
4425
7312
2937
7703
3351
569
4949
4664
9738
9867
9207
9505
4203
2634
188
4170
6524
4125
7507
9311
3123
2114
88
8521
9774
5555
3415
6925
5710
5582
4288
7160
5854
3243
3006
3320
9558
7103
5211
6398
349
5915
7558
388
6061
2401
8303
629
8760
6581
8781
5748
689
1484
3824
8724
7421
1028
9107
7979
412
9332
4669
5705
91
8892
2742
8271
6199
5704
9625
3239
756
4064
472
1014
8607
4779
9187
1781
2160
4426
2255
3602
6092
682
7390
2469
1556
3083
6352
7056
3836
5409
3973
4813
1795
4992
7442
1828
4508
818
7725
3253
8185
2619
4550
5124
1973
1177
1952
8177
5842
6946
2603
6169
509
1674
6197
9054
3217
7335
3669
8009
1022
6112
7816
2318
1601
2335
8419
2339
9509
5631
3148
3268
6248
9340
6076
8301
7756
9430
3221
6280
7353
5869
5436
9128
6044
2241
6713
9076
1942
6701
9203
645
9130
6597
4292
6051
1799
9317
1566
4410
9971
2789
3572
9701
9595
3617
6366
6326
751
2025
2814
7461
9678
6099
2388
7268
6711
1927
7619
4665
485
2778
3838
5424
4817
1585
3181
2351
2891
5
348
9216
8378
1406
8144
3550
6505
4475
2020
462
6843
9852
4344
3530
5338
3870
9715
2771
3884
419
7711
5244
5796
6666
4631
4911
7157
3471
9419
2916
9487
4840
2821
5395
3224
3294
1608
5715
1882
9228
5164
673
6152
6242
4673
9574
9534
445
5548
9874
2464
3805
7179
1797
6991
9743
8545
8699
849
7716
577
1142
7188
7808
5322
6090
3882
1351
4682
5284
4349
4939
1440
4126
3700
1779
656
606
9096
2380
6671
8448
9532
2615
3717
4982
317
4074
672
9693
4915
7203
875
3009
3094
716
1731
7489
9657
468
5435
1159
1295
4676
7903
170
4754
1867
6698
6367
2002
4453
9268
1358
9948
2424
9034
4060
9046
1478
1908
4204
4463
978
5202
5941
3232
6279
6133
8317
1582
2839
1926
258
3917
9053
1892
3874
4835
8780
5632
8403
65
6829
1970
9405
4674
8541
2596
6841
6927
1063
4554
6824
7664
7828
8396
3509
3177
9974
4886
7040
1701
3002
2497
3412
7623
7241
4558
1997
7984
7830
8100
3791
6547
8359
7027
2490
1131
9790
2479
8863
3160
1074
3724
8499
361
434
199
6488
5933
2985
883
9257
113
7245
4173
422
5570
9672
2852
5544
6737
9749
1875
690
6406
5454
861
1211
7801
5832
7008
599
4044
8895
9591
5693
6487
5560
1838
6661
7189
3575
1860
4343
2551
5910
6570
6316
8620
4875
4225
4547
6403
2190
1554
3935
7254
6121
5521
5329
5099
1496
6078
4548
5195
6664
8258
4323
4820
2751
287
9197
1277
7925
121
4971
3308
6117
8700
7581
152
9202
7991
3975
2146
2575
3926
351
8103
915
8130
4701
8411
4721
1607
5939
1685
943
7287
9983
6605
4224
7751
594
3570
8353
9049
7528
666
9386
4091
205
8714
8351
8588
7736
2425
8080
6633
5533
2632
1049
2189
3591
4468
6866
1004
2244
2725
5520
7271
6576
737
7529
919
2598
625
3768
4222
9904
185
5492
9448
9244
4715
6720
2621
3820
9477
3130
3521
7447
6533
4697
8214
9934
1238
5911
6805
6200
8423
8955
2414
9024
557
8813
9371
2933
3604
8164
2471
895
5851
7790
9417
503
1551
1562
2517
4011
4370
1786
6222
2155
9961
2438
7065
7565
2588
5508
6569
326
8500
5021
546
5464
6372
4726
7677
3476
7355
2150
5509
7114
2289
7798
9918
6909
9503
2029
3733
2696
4511
4379
6680
1434
7923
1493
4946
4451
5355
7394
340
1968
8850
160
6534
8207
7226
7386
5129
3316
173
4317
4420
195
5255
1429
1988
2929
9853
944
1549
75
2520
5697
5137
244
4316
5455
1889
2303
998
9348
4709
8639
2334
9554
4107
5072
8635
9664
7488
1771
5349
6471
965
1011
1384
4346
9489
9457
3374
376
7557
3826
9800
7614
5670
9507
4020
9831
4541
77
4082
6120
8671
7890
4768
5792
5782
7498
7061
4743
2543
9658
1487
1327
9949
7858
8743
575
9435
9938
8953
9814
7104
8835
2505
1368
3474
3287
4467
4556
8238
2397
5176
9000
3833
8122
4365
1681
118
9859
5701
9697
6733
555
5302
5877
3887
3663
5677
2605
7596
5153
794
4218
9292
8478
2040
9510
2854
6282
7589
4962
1561
429
9777
7039
2488
352
5843
7953
739
5081
2570
7242
1077
3290
6620
2592
8897
7548
1481
5287
4891
5493
9166
3413
8881
3284
8364
2273
1851
5856
2000
3932
9214
4635
2652
6876
2306
9446
967
2536
5084
6221
9078
2597
8756
7297
1179
1444
1963
165
2988
9607
8753
7908
442
5511
6059
5893
2258
896
2108
9648
7045
1590
8278
4248
8352
6031
3136
4842
4445
2186
8564
4703
6226
6427
2514
2630
8623
9093
8581
1057
4929
5573
7517
1473
4792
7368
9679
8029
7282
797
448
5294
8762
9183
6494
6568
6428
7898
2475
9578
990
9381
8280
2997
7444
1126
1291
4477
917
7026
4158
1427
8804
3783
3091
7569
1932
6604
9148
1000
1302
3236
2568
5079
7733
2628
1110
4600
7210
7876
9308
6149
2412
4642
732
3868
6845
7205
2024
8662
8789
5899
3900
3432
1248
2737
8716
631
5063
5314
324
5646
3709
5162
5724
6067
424
7651
2246
9531
8068
8593
4275
7132
6738
7450
6344
4597
8598
2864
9708
8512
4599
2992
4839
3179
37
7971
2294
8770
1208
8447
4753
9668
3655
6972
3991
1605
5007
5196
2266
5980
540
2493
8393
5769
6603
3609
3788
4177
1542
8087
3915
505
6558
2887
2230
4306
9927
3131
5229
6250
1770
6383
3526
8472
9605
5571
3865
2863
1201
3854
1181
3220
5036
6643
798
5451
5297
1374
9936
6082
3241
6184
7785
1961
7508
748
786
1442
5125
7708
860
653
6343
5707
9154
7232
302
9488
5815
6765
7225
5489
8865
8475
331
6762
9378
8976
5108
2954
5598
477
6258
5788
4383
8838
1364
4615
8740
5488
9015
4980
4059
1645
4662
9984
8712
5732
3938
7290
7537
1662
2684
7655
5638
3828
9275
4362
9142
5669
6545
3810
974
1553
3488
1704
2004
4430
783
4769
7192
1101
5716
6607
5386
4750
4452
1766
6655
1290
7827
7611
5892
4270
4633
3967
912
335
401
6341
2784
2822
2207
5759
7146
6342
1223
8717
1234
8490
7393
5979
1584
7772
6988
7472
6360
1226
7415
5961
1052
8704
8021
5434
6806
4572
1563
1359
6357
6579
1776
7922
240
272
1798
3514
5496
9526
2012
1188
6206
9180
8609
2422
6591
5994
9471
2311
8174
6771
5475
5473
3725
7365
885
5713
295
1737
3866
4849
7085
5393
7125
2846
4782
3042
6693
1314
707
8705
2001
6212
216
6928
5812
5970
823
2083
6530
3956
7954
8575
4244
3231
7062
249
6036
2449
8186
9714
4538
7616
1468
3619
350
3552
8644
4574
1005
2504
935
4469
1936
8291
3425
7348
3707
1773
2102
1950
9520
4700
5863
5222
8019
6144
5921
4441
1169
7894
289
9220
1666
7244
1456
1893
6024
6135
219
8663
596
9786
8240
9388
8154
7989
5235
2345
6304
3341
9117
6754
3054
6538
6944
9141
2172
9775
563
5210
3919
9603
9058
2738
6851
4767
3554
6963
6074
4514
5273
8519
8056
4876
4870
2830
8198
773
3589
1995
8619
2547
977
9370
5658
4480
2963
1349
8687
41
9582
1012
8078
2472
4280
1567
2672
103
6387
9842
865
2749
2734
1978
2686
8333
7602
5154
7361
3369
7612
8638
1877
2125
197
3173
7690
4454
6424
841
5791
6800
1145
8981
3811
5513
526
2234
6612
8827
7423
4901
4658
7917
2384
3318
5296
539
5554
3610
3495
1656
5347
3465
4003
1755
3794
7152
7200
5200
2989
7112
8709
9999
8314
9764
6448
5625
3103
8132
6091
6167
9680
6976
3434
7319
4561
3095
3957
158
228
400
3620
1395
3962
968
7583
6544
2075
8266
9023
5452
4486
290
8383
4749
2271
4520
7100
1871
9089
1866
4507
8075
6908
3470
7029
4403
1247
9897
3641
938
4647
6493
8493
305
1632
7303
66
8320
7554
5828
8196
3125
3540
7503
6553
2118
8155
5425
5426
5474
1190
8650
7362
4120
4651
8903
9992
9252
840
7050
8445
92
2015
1341
1676
403
381
8537
5736
7826
7283
3817
6678
9090
1297
9157
4646
3525
7650
6810
9146
7081
209
5323
5607
3797
4926
7388
3190
3001
2385
7096
6966
1414
7033
856
68
2136
8109
3068
8158
8562
7034
4858
4801
6971
8002
4890
7130
1116
8636
6472
2405
2312
2532
8284
4592
2776
7958
2845
9485
9092
5089
313
1186
2061
7920
4386
1102
4013
7705
4933
7855
8263
8544
6115
5259
1996
463
7251
6402
8354
4473
7349
6311
311
2626
5633
959
3245
5606
3627
8730
3416
1257
1072
6095
9576
605
8754
1730
2259
2799
5925
8486
7424
4261
7293
458
2806
1113
2844
3033
4395
6787
4476
4159
2341
4408
9100
3910
9846
768
1777
9773
1768
2955
8216
364
9667
4885
3800
9898
7493
4424
2453
2759
5364
7624
3837
2264
8973
257
4578
1229
8469
767
677
202
6035
3994
8326
5515
1474
5687
1075
8435
4300
3195
4763
5077
8819
3653
2013
5967
443
5634
8622
2616
6684
5030
1437
5777
8885
2364
4049
9782
5660
8637
5644
7579
6192
3049
6794
2712
3659
4610
8118
6901
9239
3766
5531
3180
79
8183
2970
3954
4533
107
6238
9863
9153
4645
5700
2315
1991
9186
1002
2904
4744
3621
8899
568
2744
8086
7807
5011
7153
725
758
3665
8517
2614
5045
5608
4509
6210
7709
4581
3431
6503
6127
4296
9721
1252
4417
5261
3972
7963
5968
5992
4199
2396
3750
96
4739
3809
1778
33
9952
4596
444
1452
2862
6405
6330
9282
6649
6878
8477
3008
4254
5201
64
3764
8027
2307
2733
1189
5542
163
1931
1237
8934
347
1569
426
8765
2763
5182
1733
5193
3649
7475
5629
4712
9865
3405
7079
3661
4871
5823
9647
9070
1329
5664
9481
5001
8867
8495
3110
2969
7660
7793
5567
6778
3182
9731
3200
5891
5218
7309
399
7882
1573
2177
5672
4136
9319
2803
8052
1954
1960
9752
6723
6324
3070
9807
8922
1244
4580
1294
3645
9253
5973
9069
3296
4154
1602
9259
8977
6546
1023
731
6812
8156
3688
4506
9455
2977
102
5773
3487
2224
9618
4735
9451
9195
4208
9018
507
7037
7935
3611
5431
2670
7116
2052
1951
8561
6064
6287
1151
700
2484
3168
8033
498
8991
3685
2071
6395
2445
9074
5930
8778
9735
7688
538
6516
2838
902
9184
4620
6275
3929
560
8928
4797
1060
7670
5397
3462
5467
6761
7087
5169
5491
7639
8767
435
4725
8245
5876
7934
6461
1675
3298
6758
7051
7464
9059
9616
3654
9528
3740
7634
3623
1178
9201
2757
198
4961
2195
4040
776
1934
7831
9969
9031
3846
7171
1346
8924
9439
6606
6939
189
7105
3468
5882
1980
2347
9453
1048
3629
3039
7835
2580
143
2682
5835
6808
7543
7252
7514
882
6518
8339
5827
3947
8538
8972
1982
6708
9242
9443
3856
1222
8935
8990
9283
310
4035
7976
1672
8400
9588
6194
9392
3445
3446
1233
7765
5418
6747
634
7681
3983
4132
1090
133
740
9770
5589
9669
1790
8124
3078
4832
2231
2701
7593
6662
2313
3257
6992
7924
5885
5579
1128
5161
4354
4867
7135
3437
237
8859
9211
7559
1287
1259
1289
9866
7436
5539
329
842
55
3533
8023
2815
298
2132
3299
2168
3442
4294
8536
8862
4252
3748
7234
2601
2134
1352
9411
2531
9995
5605
44
7195
4128
6836
4710
9623
6480
5593
8962
9410
278
8601
315
9635
4166
5940
9550
3496
2372
9147
6204
203
8408
8666
5410
6676
8604
6255
7577
8948
5383
4155
5342
3784
3716
3463
7482
9822
5601
2858
7258
1716
5324
1794
3668
3625
7458
3527
7345
1376
1783
6593
5198
3307
1850
9511
7204
2665
8487
9914
5010
3710
9827
5122
1365
6188
9956
2393
4973
7580
9232
1578
1306
7695
2333
1069
8169
1964
8677
4232
8878
4460
7516
3269
4650
5757
3452
2553
8043
469
5909
521
5002
9709
7243
2191
8706
481
19
511
3770
3734
5221
9135
6850
510
1187
5403
4385
9825
3541
9893
2518
4447
1042
6953
3282
2610
2809
5446
4182
5394
5678
2184
4857
4045
5665
680
8348
6020
5872
3892
1310
6796
2706
2142
5450
9757
2556
9138
7531
789
359
2035
6033
6793
493
9928
7165
3510
4568
3407
6443
5887
1753
5957
150
6529
4143
7560
7893
7983
2270
1967
6305
3864
2764
4058
828
1319
2583
4187
6116
6522
9027
1350
4627
5826
7829
1083
6757
1098
8831
7849
7544
4449
6022
9818
9006
854
1210
4699
7306
2494
2193
9905
5657
5179
9675
5959
6543
7231
3762
343
7075
7248
2648
6037
5604
627
9643
593
3696
8932
5005
946
9725
8841
155
251
2044
6715
6626
9973
7521
514
5319
4376
6759
9101
7657
4285
1134
5950
4824
834
4922
5377
2354
9377
7212
792
3338
5875
4796
5022
2094
7605
7420
8018
5811
5150
1648
9957
9551
8940
6641
3997
8376
6118
6176
6526
6670
9722
1447
2427
879
7474
9950
8202
5332
3673
4399
9222
7265
5849
7315
273
9968
3184
4036
9224
60
355
2675
1929
4960
1907
3599
5783
1293
4157
2006
2069
7974
7006
6236
2502
9660
154
8526
6582
1839
5056
3192
5190
8141
7022
2115
2212
1746
833
7697
729
6261
7836
529
4271
5388
2171
4418
20
1448
1458
8454
6313
5526
3031
8947
9504
8742
3675
3577
518
8172
2688
433
7811
5328
4964
2787
25
8095
7011
9560
6124
9055
1249
2027
9012
8969
6831
1185
4140
2703
2908
227
2637
3219
6000
9517
6446
562
8851
8390
2275
2780
6814
171
184
7961
8061
3030
9463
8139
3167
5868
2802
2059
9700
3799
5075
3291
4862
6412
9014
7786
2194
2390
2140
3553
5722
8261
8146
6097
5834
9251
5370
5058
6102
9888
9158
5373
5699
7326
7859
749
7183
4056
5097
9173
9376
1911
7067
1864
5621
7350
1348
3567
1884
402
9916
4772
2633
3583
5975
2382
7676
3779
8747
5439
1814
6837
7457
4742
4406
4948
4791
5576
9149
5305
1758
8560
2201
4612
4923
9553
7408
2975
6986
5740
2208
3034
5481
366
2399
8341
3038
6818
5387
2565
9017
9132
8307
6478
6288
1482
7943
7426
7640
8089
8247
5016
3976
4760
6783
4184
4804
2571
4705
7803
7141
5779
2245
2297
327
7194
2179
9185
5962
7915
7500
5986
2768
9480
7549
3597
8830
8750
4670
1412
652
5831
8091
7693
5695
658
179
408
3472
6009
5650
6857
7333
207
9116
4516
7120
7007
3216
4602
5528
2181
1966
8251
909
1342
3169
1315
3702
3738
1143
6512
4918
3682
6880
2654
9871
8599
9337
979
1232
4322
1488
2217
2832
4999
1623
9028
8107
4629
7806
4042
5178
8449
2607
276
4808
9030
416
5226
796
5224
4603
6032
7249
1443
8920
2691
8111
7666
7992
781
1719
4025
7783
1079
3436
8727
4209
5165
8651
579
2635
3606
6181
8273
8911
5703
7275
2527
2220
1774
6885
3889
9353
6151
3732
1883
7985
702
5110
9617
8603
8782
9922
1844
5977
7610
2656
5245
9559
4952
9144
1175
5726
7933
7446
9212
8590
9924
5821
8039
730
2202
3730
2723
2017
4904
3795
1217
624
3827
8102
6139
6262
236
3691
6965
4905
9357
1752
9518
2859
1020
6404
7377
2170
4416
7714
524
6536
3585
2228
1928
6763
8678
8826
2775
659
4660
7819
162
6093
5673
7262
3451
9133
4442
8648
8123
1336
7937
285
6501
9810
354
8293
8720
9043
5847
805
8253
4195
5380
8044
4340
6532
3731
8980
8610
3832
2645
4333
309
8686
9300
2944
277
812
7905
7597
3679
8436
6630
4146
4269
8197
6904
5747
8975
1109
3283
4861
6253
4200
7375
1328
1218
5242
1122
1604
3670
4228
3247
8570
9051
2936
9330
114
7999
9978
964
7274
2192
3193
2324
2272
2210
6977
336
4977
8710
2984
9759
4805
6564
7661
2901
233
5997
9036
3968
7
8549
9338
5583
5053
5366
3077
2426
9620
6492
664
4315
7108
7170
8723
4553
5343
4266
4892
180
3066
1382
4089
966
8504
1598
4887
6899
8106
8836
8296
8675
3398
3752
846
2496
5462
815
5204
6281
4099
687
5758
3375
6515
7891
2211
8054
4197
6542
4121
7048
5471
5239
9584
6058
7402
5680
9979
2507
3695
9155
6029
3564
7491
4774
6945
2492
7769
3737
3312
6122
804
5185
4803
3227
9169
4730
589
4519
2185
5141
790
762
6997
1987
63
2811
6369
1913
7718
8971
6046
8840
6935
2254
954
6350
6911
4683
4916
3916
5112
1216
6589
6292
5836
2521
1469
4513
1916
6968
9683
8433
5389
8697
2798
7906
5271
6085
1891
7844
8939
981
9045
9783
3153
1230
3223
7520
5363
6888
7669
451
8653
4776
3274
2882
9263
7956
3785
5855
1536
7025
2461
3260
7438
3635
1320
6179
5237
3289
9127
9753
111
7957
2729
5742
7197
7220
6345
9343
8357
7726
7073
3332
5723
1654
9841
819
5611
5485
1366
6146
6072
6734
8861
976
1626
3532
2253
2277
7978
2700
9328
1464
7301
2704
7358
6294
809
2085
4766
3238
2262
1748
1664
8961
9627
6752
238
9026
4492
933
4069
9286
8120
7032
9742
4018
1983
8855
5257
2123
2336
8319
6838
1546
3949
6550
7316
58
6541
2498
2197
2721
8220
5745
1386
3751
1111
4165
5751
3331
9815
9692
8870
7236
1537
181
4148
385
7456
5813
9646
7260
8583
8413
1915
2456
2788
6776
8829
7630
27
3383
7603
1824
2008
8684
1463
22
2697
8407
178
5336
5809
7246
8856
1550
9716
6389
7871
6423
1765
7325
2853
8342
2349
380
2905
2152
3771
9120
398
7151
2293
3170
5808
9175
2847
1611
1677
5061
8954
5173
6854
1940
3327
869
34
4443
8506
7043
2766
4076
1431
5400
6155
5506
8134
9422
7789
5107
4450
2860
3411
1176
6039
8585
3
1957
1847
5653
30
4912
6595
2323
7499
5246
8837
3389
9382
1695
1922
612
3265
654
3440
1193
1881
4686
595
963
975
4865
9086
7636
6267
7799
7629
7948
785
1236
8277
5134
7373
4834
1466
6048
4239
4589
4765
8323
3400
9981
3922
6229
1613
212
4587
9608
1636
6157
6956
7742
3667
4944
1103
9217
1510
9091
9160
3765
166
6981
9781
2841
9746
3055
2360
3822
9877
8944
3074
8025
1511
4381
2534
1523
7792
8179
5878
3614
2516
5402
2280
9552
9713
9624
4907
334
2661
7750
3097
8182
2892
534
6919
8904
9712
1402
6907
9105
4748
6140
8128
8914
9966
9884
2554
146
492
7530
6012
4488
432
1692
922
6634
4889
717
6695
7588
7320
5729
802
6463
8853
5480
2754
6644
5585
4601
4347
3056
2972
5041
3502
3722
4784
8828
5858
8428
8468
7966
3782
4422
8520
9834
7758
2495
2968
167
9547
6943
9084
9920
3250
2042
5557
7419
3060
8368
5032
853
6254
4377
6725
9824
7594
3980
1837
2276
5391
38
3964
320
494
6433
9718
7449
5675
6690
6941
1552
4308
7253
5227
5160
3215
911
3862
2430
759
378
7486
3911
328
1646
6786
2112
6358
1644
3749
332
1720
8734
6646
3656
9837
903
5995
4559
9057
8930
9499
699
1441
5894
7016
9944
4609
561
2383
106
43
7996
897
7101
7269
72
7339
1305
4131
7620
2677
5312
7448
7468
9830
1639
4732
1362
7191
6381
5859
4984
6748
5829
5760
1164
2915
6425
4183
6608
4369
5280
1321
7038
813
7202
4734
5989
9490
5931
9071
7193
1171
8608
7671
8126
246
406
8121
2005
1853
3630
2407
5254
6659
7699
1003
7741
8901
5276
2200
7968
1683
1156
4746
2526
2511
1593
9964
4529
4708
5023
7302
4330
3429
6451
4181
7715
13
9642
1591
3888
1895
4103
7337
8669
910
9081
1301
8041
8960
9315
2406
4289
8772
4043
1130
8306
3592
5465
484
4160
5046
8811
3133
8617
4338
6874
3913
7678
4150
971
2935
3687
1450
2050
721
7626
7299
7538
2117
3349
4823
8345
7145
7637
2957
8471
7128
678
5484
1100
8884
2126
8466
8420
3522
1387
247
9911
3439
9238
6392
604
9626
2577
7336
8070
7324
6669
8524
1813
9823
4957
5024
8397
2376
6599
4312
7936
6293
8582
9579
1258
6528
3449
7524
7563
3566
2800
7215
230
488
7119
3571
3993
2559
2770
8888
6422
2741
5015
7497
3020
9542
7771
5177
2772
78
591
1663
679
9373
6426
7015
1378
1906
5720
4459
4605
9402
9429
6083
3485
3119
4339
3681
1062
7739
1006
7077
2284
6704
7177
7912
8330
5873
5982
2620
1749
3539
7541
3963
1034
4925
1163
8988
7237
3855
2807
2948
6371
6859
1788
2958
9325
5101
7618
1417
3267
5667
9826
8060
4027
5157
9809
2104
7918
2953
4282
48
2023
8160
8465
9349
5256
8785
2546
1678
407
1679
3043
2287
2714
1015
7147
3229
9022
7575
7070
3207
256
6557
1887
2033
4738
1106
3053
3424
2979
6482
7066
3010
6147
6442
4745
3134
5282
1055
1279
2047
8467
8022
5127
8016
6789
122
3961
8896
2039
9063
389
5595
2135
5071
3311
5772
4470
6043
6923
5721
2463
1397
3579
8565
9346
8459
1724
3498
1782
4206
9870
1600
1622
6900
6975
1325
3586
4608
8302
4464
5453
793
7122
9939
6983
9066
5326
6400
9050
2510
7311
5971
8446
5381
9113
7914
3385
4356
6434
7942
9768
9369
8451
9641
1707
312
9445
8708
9433
4055
2998
6193
2107
9393
2851
3912
4327
431
1886
3895
991
8294
4407
3939
3322
4522
3325
1309
603
4220
3699
6007
8462
8950
6916
994
832
3893
2332
4176
1479
930
2387
9639
9881
5263
723
7886
3680
6871
9087
4798
2099
2555
7810
6937
6050
2840
8815
4384
7800
6365
550
3729
9580
4991
9967
1535
3517
5479
8309
4881
1486
3486
9651
8768
3076
8008
4116
370
1221
5192
778
8051
6881
7674
3736
9475
692
9060
6882
4188
1001
1268
7601
8577
2371
5304
5652
5762
187
7047
9341
2730
2586
5507
2256
1040
2676
5376
7684
9972
6017
2524
5616
6103
245
2627
375
5139
8632
8017
4250
8726
9245
4029
8235
7001
132
8631
6469
4062
9358
8426
859
8355
2612
2810
4716
1630
6990
1971
7527
9654
2727
1854
5119
268
741
1132
3728
1918
8127
5816
8913
3212
6232
4272
5174
3240
2939
8783
1165
9796
8796
3692
3697
1712
5958
516
2022
863
9140
3397
2300
193
6683
3786
8076
7505
1832
5356
6858
735
4110
1652
4504
8596
3321
9367
8328
5614
1173
2121
1094
2226
6769
7881
1183
4175
4026
4584
2057
6174
3781
7134
6419
8148
4491
8824
9194
1530
1191
4914
3067
8749
6667
1715
5647
7389
871
204
3258
5327
3582
6156
9622
1543
9483